0.0454545455  0.0454545455  0.0454545455  0.0454545455  0.0454545455  0.0454545455  0.0454545455  0.0454545455  0.0454545455  0.0454545455  0.0454545455  0.0454545455  0.0454545455  0.0454545455  0.0454545455  0.0454545455  0.0454545455  0.0454545455  0.0454545455  0.0454545455  0.0454545455  0.0454545455  
0.0454545455  0.0454545455  0.0454545455  0.0454545455  0.1060606061  0.1060606061  0.1060606061  0.1060606061  0.1060606061  0.1060606061  0.0151515152  0.0151515152  0.0151515152  0.0151515152  0.0151515152  0.0151515152  0.0151515152  0.0151515152  0.0151515152  0.0151515152  0.0151515152  0.0151515152  
0.1262626263  0.1334801129  0.1334801129  0.1334801129  0.0319865320  0.0319865320  0.0319865320  0.0319865320  0.0319865320  0.0319865320  0.0234481536  0.0234481536  0.0234481536  0.0234481536  0.0234481536  0.0234481536  0.0234481536  0.0234481536  0.0234481536  0.0234481536  0.0234481536  0.0234481536  
0.4004345534  0.1053123831  0.1053123831  0.1053123831  0.0468972714  0.0468972714  0.0468972714  0.0468972714  0.0468972714  0.0468972714  0.0001870557  0.0001870557  0.0001870557  0.0001870557  0.0001870557  0.0001870557  0.0001870557  0.0001870557  0.0001870557  0.0001870557  0.0001870557  0.0001870557  
0.2798977429  0.2171169258  0.2171169258  0.2171169258  0.0063806792  0.0063806792  0.0063806792  0.0063806792  0.0063806792  0.0063806792  0.0025389504  0.0025389504  0.0025389504  0.0025389504  0.0025389504  0.0025389504  0.0025389504  0.0025389504  0.0025389504  0.0025389504  0.0025389504  0.0025389504  
0.4667629909  0.0971835409  0.0971835409  0.0971835409  0.0358425318  0.0358425318  0.0358425318  0.0358425318  0.0358425318  0.0358425318  0.0022192663  0.0022192663  0.0022192663  0.0022192663  0.0022192663  0.0022192663  0.0022192663  0.0022192663  0.0022192663  0.0022192663  0.0022192663  0.0022192663  
0.0773540927  0.1871635899  0.1871635899  0.1871635899  0.0401379543  0.0401379543  0.0401379543  0.0401379543  0.0401379543  0.0401379543  0.0100272843  0.0100272843  0.0100272843  0.0100272843  0.0100272843  0.0100272843  0.0100272843  0.0100272843  0.0100272843  0.0100272843  0.0100272843  0.0100272843  
0.2682309082  0.0257847546  0.0257847546  0.0257847546  0.0689312123  0.0689312123  0.0689312123  0.0689312123  0.0689312123  0.0689312123  0.0200689629  0.0200689629  0.0200689629  0.0200689629  0.0200689629  0.0200689629  0.0200689629  0.0200689629  0.0200689629  0.0200689629  0.0200689629  0.0200689629  
0.0086673532  0.0965675415  0.0965675415  0.0965675415  0.0515857442  0.0515857442  0.0515857442  0.0515857442  0.0515857442  0.0515857442  0.0326762964  0.0326762964  0.0326762964  0.0326762964  0.0326762964  0.0326762964  0.0326762964  0.0326762964  0.0326762964  0.0326762964  0.0326762964  0.0326762964  
0.0011891966  0.0498429556  0.0498429556  0.0498429556  0.1134381642  0.1134381642  0.1134381642  0.1134381642  0.1134381642  0.1134381642  0.0140544126  0.0140544126  0.0140544126  0.0140544126  0.0140544126  0.0140544126  0.0140544126  0.0140544126  0.0140544126  0.0140544126  0.0140544126  0.0140544126  
0.1042112727  0.0567949546  0.0567949546  0.0567949546  0.0356617576  0.0356617576  0.0356617576  0.0356617576  0.0356617576  0.0356617576  0.0426194432  0.0426194432  0.0426194432  0.0426194432  0.0426194432  0.0426194432  0.0426194432  0.0426194432  0.0426194432  0.0426194432  0.0426194432  0.0426194432  
0.1416126127  0.0680703019  0.0680703019  0.0680703019  0.0900342615  0.0900342615  0.0900342615  0.0900342615  0.0900342615  0.0900342615  0.0094975760  0.0094975760  0.0094975760  0.0094975760  0.0094975760  0.0094975760  0.0094975760  0.0094975760  0.0094975760  0.0094975760  0.0094975760  0.0094975760  
0.1646312386  0.1743904924  0.1743904924  0.1743904924  0.0255917633  0.0255917633  0.0255917633  0.0255917633  0.0255917633  0.0255917633  0.0132205587  0.0132205587  0.0132205587  0.0132205587  0.0132205587  0.0132205587  0.0132205587  0.0132205587  0.0132205587  0.0132205587  0.0132205587  0.0132205587  
0.5010028813  0.1041837791  0.1041837791  0.1041837791  0.0301358834  0.0301358834  0.0301358834  0.0301358834  0.0301358834  0.0301358834  0.0004692067  0.0004692067  0.0004692067  0.0004692067  0.0004692067  0.0004692067  0.0004692067  0.0004692067  0.0004692067  0.0004692067  0.0004692067  0.0004692067  
0.2478618018  0.2272534348  0.2272534348  0.2272534348  0.0117200027  0.0117200027  0.0117200027  0.0117200027  0.0117200027  0.0117200027  0.0000048231  0.0000048231  0.0000048231  0.0000048231  0.0000048231  0.0000048231  0.0000048231  0.0000048231  0.0000048231  0.0000048231  0.0000048231  0.0000048231  
0.4054877764  0.0826862642  0.0826862642  0.0826862642  0.0460550676  0.0460550676  0.0460550676  0.0460550676  0.0460550676  0.0460550676  0.0058435855  0.0058435855  0.0058435855  0.0058435855  0.0058435855  0.0058435855  0.0058435855  0.0058435855  0.0058435855  0.0058435855  0.0058435855  0.0058435855  
0.0321072818  0.1445742672  0.1445742672  0.1445742672  0.0476790894  0.0476790894  0.0476790894  0.0476790894  0.0476790894  0.0476790894  0.0206746150  0.0206746150  0.0206746150  0.0206746150  0.0206746150  0.0206746150  0.0206746150  0.0206746150  0.0206746150  0.0206746150  0.0206746150  0.0206746150  
0.1374055849  0.0136956420  0.0136956420  0.0136956420  0.0907354328  0.0907354328  0.0907354328  0.0907354328  0.0907354328  0.0907354328  0.0230912410  0.0230912410  0.0230912410  0.0230912410  0.0230912410  0.0230912410  0.0230912410  0.0230912410  0.0230912410  0.0230912410  0.0230912410  0.0230912410  
0.0008769395  0.0734796881  0.0734796881  0.0734796881  0.0528841464  0.0528841464  0.0528841464  0.0528841464  0.0528841464  0.0528841464  0.0384482598  0.0384482598  0.0384482598  0.0384482598  0.0384482598  0.0384482598  0.0384482598  0.0384482598  0.0384482598  0.0384482598  0.0384482598  0.0384482598  
0.0219379235  0.0617684818  0.0617684818  0.0617684818  0.1099800430  0.1099800430  0.1099800430  0.1099800430  0.1099800430  0.1099800430  0.0110730311  0.0110730311  0.0110730311  0.0110730311  0.0110730311  0.0110730311  0.0110730311  0.0110730311  0.0110730311  0.0110730311  0.0110730311  0.0110730311  
0.1720272833  0.0879647234  0.0879647234  0.0879647234  0.0243590892  0.0243590892  0.0243590892  0.0243590892  0.0243590892  0.0243590892  0.0348270010  0.0348270010  0.0348270010  0.0348270010  0.0348270010  0.0348270010  0.0348270010  0.0348270010  0.0348270010  0.0348270010  0.0348270010  0.0348270010  
0.2633027202  0.0884045546  0.0884045546  0.0884045546  0.0697525769  0.0697525769  0.0697525769  0.0697525769  0.0697525769  0.0697525769  0.0044140129  0.0044140129  0.0044140129  0.0044140129  0.0044140129  0.0044140129  0.0044140129  0.0044140129  0.0044140129  0.0044140129  0.0044140129  0.0044140129  
0.1815271098  0.2083248512  0.2083248512  0.2083248512  0.0227757847  0.0227757847  0.0227757847  0.0227757847  0.0227757847  0.0227757847  0.0047369690  0.0047369690  0.0047369690  0.0047369690  0.0047369690  0.0047369690  0.0047369690  0.0047369690  0.0047369690  0.0047369690  0.0047369690  0.0047369690  
0.5447043084  0.0932519162  0.0932519162  0.0932519162  0.0228523122  0.0228523122  0.0228523122  0.0228523122  0.0228523122  0.0228523122  0.0032021725  0.0032021725  0.0032021725  0.0032021725  0.0032021725  0.0032021725  0.0032021725  0.0032021725  0.0032021725  0.0032021725  0.0032021725  0.0032021725  
0.1914150035  0.2155360092  0.2155360092  0.2155360092  0.0211278024  0.0211278024  0.0211278024  0.0211278024  0.0211278024  0.0211278024  0.0029341795  0.0029341795  0.0029341795  0.0029341795  0.0029341795  0.0029341795  0.0029341795  0.0029341795  0.0029341795  0.0029341795  0.0029341795  0.0029341795  
0.2991877046  0.0662555010  0.0662555010  0.0662555010  0.0637717462  0.0637717462  0.0637717462  0.0637717462  0.0637717462  0.0637717462  0.0099512763  0.0099512763  0.0099512763  0.0099512763  0.0099512763  0.0099512763  0.0099512763  0.0099512763  0.0099512763  0.0099512763  0.0099512763  0.0099512763  
0.0042249201  0.0998567974  0.0998567974  0.0998567974  0.0523261497  0.0523261497  0.0523261497  0.0523261497  0.0523261497  0.0523261497  0.0318539825  0.0318539825  0.0318539825  0.0318539825  0.0318539825  0.0318539825  0.0318539825  0.0318539825  0.0318539825  0.0318539825  0.0318539825  0.0318539825  
0.0403087770  0.0120622969  0.0120622969  0.0120622969  0.1069182341  0.1069182341  0.1069182341  0.1069182341  0.1069182341  0.1069182341  0.0234995773  0.0234995773  0.0234995773  0.0234995773  0.0234995773  0.0234995773  0.0234995773  0.0234995773  0.0234995773  0.0234995773  0.0234995773  0.0234995773  
0.0215761141  0.0703413704  0.0703413704  0.0703413704  0.0494342840  0.0494342840  0.0494342840  0.0494342840  0.0494342840  0.0494342840  0.0392328392  0.0392328392  0.0392328392  0.0392328392  0.0392328392  0.0392328392  0.0392328392  0.0392328392  0.0392328392  0.0392328392  0.0392328392  0.0392328392  
0.1040860132  0.0778388953  0.0778388953  0.0778388953  0.0962886948  0.0962886948  0.0962886948  0.0962886948  0.0962886948  0.0962886948  0.0070554277  0.0070554277  0.0070554277  0.0070554277  0.0070554277  0.0070554277  0.0070554277  0.0070554277  0.0070554277  0.0070554277  0.0070554277  0.0070554277  
0.2332926076  0.1311402559  0.1311402559  0.1311402559  0.0141482018  0.0141482018  0.0141482018  0.0141482018  0.0141482018  0.0141482018  0.0240331178  0.0240331178  0.0240331178  0.0240331178  0.0240331178  0.0240331178  0.0240331178  0.0240331178  0.0240331178  0.0240331178  0.0240331178  0.0240331178  
0.3778275022  0.1019459023  0.1019459023  0.1019459023  0.0506651133  0.0506651133  0.0506651133  0.0506651133  0.0506651133  0.0506651133  0.0010286759  0.0010286759  0.0010286759  0.0010286759  0.0010286759  0.0010286759  0.0010286759  0.0010286759  0.0010286759  0.0010286759  0.0010286759  0.0010286759  
0.1721746177  0.2260210863  0.2260210863  0.2260210863  0.0243345334  0.0243345334  0.0243345334  0.0243345334  0.0243345334  0.0243345334  0.0003129103  0.0003129103  0.0003129103  0.0003129103  0.0003129103  0.0003129103  0.0003129103  0.0003129103  0.0003129103  0.0003129103  0.0003129103  0.0003129103  
0.5205519980  0.0745098779  0.0745098779  0.0745098779  0.0268776973  0.0268776973  0.0268776973  0.0268776973  0.0268776973  0.0268776973  0.0078876820  0.0078876820  0.0078876820  0.0078876820  0.0078876820  0.0078876820  0.0078876820  0.0078876820  0.0078876820  0.0078876820  0.0078876820  0.0078876820  
0.1238822737  0.1855589269  0.1855589269  0.1855589269  0.0323832574  0.0323832574  0.0323832574  0.0323832574  0.0323832574  0.0323832574  0.0104284501  0.0104284501  0.0104284501  0.0104284501  0.0104284501  0.0104284501  0.0104284501  0.0104284501  0.0104284501  0.0104284501  0.0104284501  0.0104284501  
0.1761420692  0.0526824014  0.0526824014  0.0526824014  0.0842793521  0.0842793521  0.0842793521  0.0842793521  0.0842793521  0.0842793521  0.0133445512  0.0133445512  0.0133445512  0.0133445512  0.0133445512  0.0133445512  0.0133445512  0.0133445512  0.0133445512  0.0133445512  0.0133445512  0.0133445512  
0.0032425616  0.0641665561  0.0641665561  0.0641665561  0.0524898761  0.0524898761  0.0524898761  0.0524898761  0.0524898761  0.0524898761  0.0407765428  0.0407765428  0.0407765428  0.0407765428  0.0407765428  0.0407765428  0.0407765428  0.0407765428  0.0407765428  0.0407765428  0.0407765428  0.0407765428  
0.0003730817  0.0212744240  0.0212744240  0.0212744240  0.1135741834  0.1135741834  0.1135741834  0.1135741834  0.1135741834  0.1135741834  0.0211965455  0.0211965455  0.0211965455  0.0211965455  0.0211965455  0.0211965455  0.0211965455  0.0211965455  0.0211965455  0.0211965455  0.0211965455  0.0211965455  
0.0630191533  0.0879841260  0.0879841260  0.0879841260  0.0425271108  0.0425271108  0.0425271108  0.0425271108  0.0425271108  0.0425271108  0.0348221503  0.0348221503  0.0348221503  0.0348221503  0.0348221503  0.0348221503  0.0348221503  0.0348221503  0.0348221503  0.0348221503  0.0348221503  0.0348221503  
0.2281012624  0.0934052983  0.0934052983  0.0934052983  0.0756194866  0.0756194866  0.0756194866  0.0756194866  0.0756194866  0.0756194866  0.0031638269  0.0031638269  0.0031638269  0.0031638269  0.0031638269  0.0031638269  0.0031638269  0.0031638269  0.0031638269  0.0031638269  0.0031638269  0.0031638269  
0.2736011215  0.1755299462  0.1755299462  0.1755299462  0.0074301161  0.0074301161  0.0074301161  0.0074301161  0.0074301161  0.0074301161  0.0129356953  0.0129356953  0.0129356953  0.0129356953  0.0129356953  0.0129356953  0.0129356953  0.0129356953  0.0129356953  0.0129356953  0.0129356953  0.0129356953  
0.4546739314  0.1060147390  0.1060147390  0.1060147390  0.0378573751  0.0378573751  0.0378573751  0.0378573751  0.0378573751  0.0378573751  0.0000114668  0.0000114668  0.0000114668  0.0000114668  0.0000114668  0.0000114668  0.0000114668  0.0000114668  0.0000114668  0.0000114668  0.0000114668  0.0000114668  
0.1392147261  0.2223516258  0.2223516258  0.2223516258  0.0298278487  0.0298278487  0.0298278487  0.0298278487  0.0298278487  0.0298278487  0.0012302754  0.0012302754  0.0012302754  0.0012302754  0.0012302754  0.0012302754  0.0012302754  0.0012302754  0.0012302754  0.0012302754  0.0012302754  0.0012302754  
0.4346194957  0.0520296913  0.0520296913  0.0520296913  0.0411997810  0.0411997810  0.0411997810  0.0411997810  0.0411997810  0.0411997810  0.0135077287  0.0135077287  0.0135077287  0.0135077287  0.0135077287  0.0135077287  0.0135077287  0.0135077287  0.0135077287  0.0135077287  0.0135077287  0.0135077287  
0.0609318383  0.1455830995  0.1455830995  0.1455830995  0.0428749966  0.0428749966  0.0428749966  0.0428749966  0.0428749966  0.0428749966  0.0204224069  0.0204224069  0.0204224069  0.0204224069  0.0204224069  0.0204224069  0.0204224069  0.0204224069  0.0204224069  0.0204224069  0.0204224069  0.0204224069  
0.0693072462  0.0458420375  0.0458420375  0.0458420375  0.1020851559  0.1020851559  0.1020851559  0.1020851559  0.1020851559  0.1020851559  0.0150546422  0.0150546422  0.0150546422  0.0150546422  0.0150546422  0.0150546422  0.0150546422  0.0150546422  0.0150546422  0.0150546422  0.0150546422  0.0150546422  
0.0319149197  0.0464534737  0.0464534737  0.0464534737  0.0477111497  0.0477111497  0.0477111497  0.0477111497  0.0477111497  0.0477111497  0.0452048134  0.0452048134  0.0452048134  0.0452048134  0.0452048134  0.0452048134  0.0452048134  0.0452048134  0.0452048134  0.0452048134  0.0452048134  0.0452048134  
0.0261741663  0.0391378810  0.0391378810  0.0391378810  0.1092740026  0.1092740026  0.1092740026  0.1092740026  0.1092740026  0.1092740026  0.0167306813  0.0167306813  0.0167306813  0.0167306813  0.0167306813  0.0167306813  0.0167306813  0.0167306813  0.0167306813  0.0167306813  0.0167306813  0.0167306813  
0.1123778620  0.1217302492  0.1217302492  0.1217302492  0.0343006594  0.0343006594  0.0343006594  0.0343006594  0.0343006594  0.0343006594  0.0263856195  0.0263856195  0.0263856195  0.0263856195  0.0263856195  0.0263856195  0.0263856195  0.0263856195  0.0263856195  0.0263856195  0.0263856195  0.0263856195  
0.3634641748  0.1037944720  0.1037944720  0.1037944720  0.0530590012  0.0530590012  0.0530590012  0.0530590012  0.0530590012  0.0530590012  0.0005665335  0.0005665335  0.0005665335  0.0005665335  0.0005665335  0.0005665335  0.0005665335  0.0005665335  0.0005665335  0.0005665335  0.0005665335  0.0005665335  
0.2833754082  0.2101355410  0.2101355410  0.2101355410  0.0058010683  0.0058010683  0.0058010683  0.0058010683  0.0058010683  0.0058010683  0.0042842966  0.0042842966  0.0042842966  0.0042842966  0.0042842966  0.0042842966  0.0042842966  0.0042842966  0.0042842966  0.0042842966  0.0042842966  0.0042842966  
0.4734487888  0.1004011955  0.1004011955  0.1004011955  0.0347282322  0.0347282322  0.0347282322  0.0347282322  0.0347282322  0.0347282322  0.0014148526  0.0014148526  0.0014148526  0.0014148526  0.0014148526  0.0014148526  0.0014148526  0.0014148526  0.0014148526  0.0014148526  0.0014148526  0.0014148526  
0.0920086814  0.1976831551  0.1976831551  0.1976831551  0.0376955228  0.0376955228  0.0376955228  0.0376955228  0.0376955228  0.0376955228  0.0073973930  0.0073973930  0.0073973930  0.0073973930  0.0073973930  0.0073973930  0.0073973930  0.0073973930  0.0073973930  0.0073973930  0.0073973930  0.0073973930  
0.3084841403  0.0309618290  0.0309618290  0.0309618290  0.0622223402  0.0622223402  0.0622223402  0.0622223402  0.0622223402  0.0622223402  0.0187746943  0.0187746943  0.0187746943  0.0187746943  0.0187746943  0.0187746943  0.0187746943  0.0187746943  0.0187746943  0.0187746943  0.0187746943  0.0187746943  
0.0166480187  0.1063702690  0.1063702690  0.1063702690  0.0502556332  0.0502556332  0.0502556332  0.0502556332  0.0502556332  0.0502556332  0.0302256146  0.0302256146  0.0302256146  0.0302256146  0.0302256146  0.0302256146  0.0302256146  0.0302256146  0.0302256146  0.0302256146  0.0302256146  0.0302256146  
0.0077347935  0.0476691894  0.0476691894  0.0476691894  0.1123472314  0.1123472314  0.1123472314  0.1123472314  0.1123472314  0.1123472314  0.0145978542  0.0145978542  0.0145978542  0.0145978542  0.0145978542  0.0145978542  0.0145978542  0.0145978542  0.0145978542  0.0145978542  0.0145978542  0.0145978542  
0.0853411617  0.0511699421  0.0511699421  0.0511699421  0.0388067761  0.0388067761  0.0388067761  0.0388067761  0.0388067761  0.0388067761  0.0440256963  0.0440256963  0.0440256963  0.0440256963  0.0440256963  0.0440256963  0.0440256963  0.0440256963  0.0440256963  0.0440256963  0.0440256963  0.0440256963  
0.1093315938  0.0614287801  0.0614287801  0.0614287801  0.0954144313  0.0954144313  0.0954144313  0.0954144313  0.0954144313  0.0954144313  0.0111579565  0.0111579565  0.0111579565  0.0111579565  0.0111579565  0.0111579565  0.0111579565  0.0111579565  0.0111579565  0.0111579565  0.0111579565  0.0111579565  
0.1551912124  0.1626078606  0.1626078606  0.1626078606  0.0271651010  0.0271651010  0.0271651010  0.0271651010  0.0271651010  0.0271651010  0.0161662167  0.0161662167  0.0161662167  0.0161662167  0.0161662167  0.0161662167  0.0161662167  0.0161662167  0.0161662167  0.0161662167  0.0161662167  0.0161662167  
0.4764449728  0.1055576210  0.1055576210  0.1055576210  0.0342288682  0.0342288682  0.0342288682  0.0342288682  0.0342288682  0.0342288682  0.0001257463  0.0001257463  0.0001257463  0.0001257463  0.0001257463  0.0001257463  0.0001257463  0.0001257463  0.0001257463  0.0001257463  0.0001257463  0.0001257463  
0.2602837558  0.2265598270  0.2265598270  0.2265598270  0.0096496771  0.0096496771  0.0096496771  0.0096496771  0.0096496771  0.0096496771  0.0001782251  0.0001782251  0.0001782251  0.0001782251  0.0001782251  0.0001782251  0.0001782251  0.0001782251  0.0001782251  0.0001782251  0.0001782251  0.0001782251  
0.4291771432  0.0873642128  0.0873642128  0.0873642128  0.0421068398  0.0421068398  0.0421068398  0.0421068398  0.0421068398  0.0421068398  0.0046740983  0.0046740983  0.0046740983  0.0046740983  0.0046740983  0.0046740983  0.0046740983  0.0046740983  0.0046740983  0.0046740983  0.0046740983  0.0046740983  
0.0441666433  0.1578200472  0.1578200472  0.1578200472  0.0456691958  0.0456691958  0.0456691958  0.0456691958  0.0456691958  0.0456691958  0.0173631700  0.0173631700  0.0173631700  0.0173631700  0.0173631700  0.0173631700  0.0173631700  0.0173631700  0.0173631700  0.0173631700  0.0173631700  0.0173631700  
0.1736991568  0.0162490048  0.0162490048  0.0162490048  0.0846865042  0.0846865042  0.0846865042  0.0846865042  0.0846865042  0.0846865042  0.0224529003  0.0224529003  0.0224529003  0.0224529003  0.0224529003  0.0224529003  0.0224529003  0.0224529003  0.0224529003  0.0224529003  0.0224529003  0.0224529003  
0.0000390004  0.0783771782  0.0783771782  0.0783771782  0.0530238030  0.0530238030  0.0530238030  0.0530238030  0.0530238030  0.0530238030  0.0372238873  0.0372238873  0.0372238873  0.0372238873  0.0372238873  0.0372238873  0.0372238873  0.0372238873  0.0372238873  0.0372238873  0.0372238873  0.0372238873  
0.0089787675  0.0576480407  0.0576480407  0.0576480407  0.1121399024  0.1121399024  0.1121399024  0.1121399024  0.1121399024  0.1121399024  0.0121031413  0.0121031413  0.0121031413  0.0121031413  0.0121031413  0.0121031413  0.0121031413  0.0121031413  0.0121031413  0.0121031413  0.0121031413  0.0121031413  
0.1520655846  0.0771298374  0.0771298374  0.0771298374  0.0276860389  0.0276860389  0.0276860389  0.0276860389  0.0276860389  0.0276860389  0.0375357225  0.0375357225  0.0375357225  0.0375357225  0.0375357225  0.0375357225  0.0375357225  0.0375357225  0.0375357225  0.0375357225  0.0375357225  0.0375357225  
0.2267839452  0.0829579851  0.0829579851  0.0829579851  0.0758390394  0.0758390394  0.0758390394  0.0758390394  0.0758390394  0.0758390394  0.0057756552  0.0057756552  0.0057756552  0.0057756552  0.0057756552  0.0057756552  0.0057756552  0.0057756552  0.0057756552  0.0057756552  0.0057756552  0.0057756552  
0.1792093962  0.1996829920  0.1996829920  0.1996829920  0.0231620703  0.0231620703  0.0231620703  0.0231620703  0.0231620703  0.0231620703  0.0068974338  0.0068974338  0.0068974338  0.0068974338  0.0068974338  0.0068974338  0.0068974338  0.0068974338  0.0068974338  0.0068974338  0.0068974338  0.0068974338  
0.5387273686  0.0974105222  0.0974105222  0.0974105222  0.0238484689  0.0238484689  0.0238484689  0.0238484689  0.0238484689  0.0238484689  0.0021625210  0.0021625210  0.0021625210  0.0021625210  0.0021625210  0.0021625210  0.0021625210  0.0021625210  0.0021625210  0.0021625210  0.0021625210  0.0021625210  
0.2098292613  0.2211382344  0.2211382344  0.2211382344  0.0180587595  0.0180587595  0.0180587595  0.0180587595  0.0180587595  0.0180587595  0.0015336232  0.0015336232  0.0015336232  0.0015336232  0.0015336232  0.0015336232  0.0015336232  0.0015336232  0.0015336232  0.0015336232  0.0015336232  0.0015336232  
0.3335944404  0.0709955960  0.0709955960  0.0709955960  0.0580372902  0.0580372902  0.0580372902  0.0580372902  0.0580372902  0.0580372902  0.0087662525  0.0087662525  0.0087662525  0.0087662525  0.0087662525  0.0087662525  0.0087662525  0.0087662525  0.0087662525  0.0087662525  0.0087662525  0.0087662525  
0.0099425242  0.1125435994  0.1125435994  0.1125435994  0.0513732157  0.0513732157  0.0513732157  0.0513732157  0.0513732157  0.0513732157  0.0286822820  0.0286822820  0.0286822820  0.0286822820  0.0286822820  0.0286822820  0.0286822820  0.0286822820  0.0286822820  0.0286822820  0.0286822820  0.0286822820  
0.0637180336  0.0113833002  0.0113833002  0.0113833002  0.1030166914  0.1030166914  0.1030166914  0.1030166914  0.1030166914  0.1030166914  0.0236693265  0.0236693265  0.0236693265  0.0236693265  0.0236693265  0.0236693265  0.0236693265  0.0236693265  0.0236693265  0.0236693265  0.0236693265  0.0236693265  
0.0128712689  0.0690355187  0.0690355187  0.0690355187  0.0508850915  0.0508850915  0.0508850915  0.0508850915  0.0508850915  0.0508850915  0.0395593021  0.0395593021  0.0395593021  0.0395593021  0.0395593021  0.0395593021  0.0395593021  0.0395593021  0.0395593021  0.0395593021  0.0395593021  0.0395593021  
0.0744575003  0.0729481675  0.0729481675  0.0729481675  0.1012267803  0.1012267803  0.1012267803  0.1012267803  0.1012267803  0.1012267803  0.0082781096  0.0082781096  0.0082781096  0.0082781096  0.0082781096  0.0082781096  0.0082781096  0.0082781096  0.0082781096  0.0082781096  0.0082781096  0.0082781096  
0.2168804435  0.1178125173  0.1178125173  0.1178125173  0.0168835624  0.0168835624  0.0168835624  0.0168835624  0.0168835624  0.0168835624  0.0273650525  0.0273650525  0.0273650525  0.0273650525  0.0273650525  0.0273650525  0.0273650525  0.0273650525  0.0273650525  0.0273650525  0.0273650525  0.0273650525  
0.3468438679  0.0988730286  0.0988730286  0.0988730286  0.0558290523  0.0558290523  0.0558290523  0.0558290523  0.0558290523  0.0558290523  0.0017968944  0.0017968944  0.0017968944  0.0017968944  0.0017968944  0.0017968944  0.0017968944  0.0017968944  0.0017968944  0.0017968944  0.0017968944  0.0017968944  
0.1776331360  0.2229058870  0.2229058870  0.2229058870  0.0234247804  0.0234247804  0.0234247804  0.0234247804  0.0234247804  0.0234247804  0.0010917101  0.0010917101  0.0010917101  0.0010917101  0.0010917101  0.0010917101  0.0010917101  0.0010917101  0.0010917101  0.0010917101  0.0010917101  0.0010917101  
0.5346593697  0.0806192254  0.0806192254  0.0806192254  0.0245264687  0.0245264687  0.0245264687  0.0245264687  0.0245264687  0.0245264687  0.0063603452  0.0063603452  0.0063603452  0.0063603452  0.0063603452  0.0063603452  0.0063603452  0.0063603452  0.0063603452  0.0063603452  0.0063603452  0.0063603452  
0.1439598738  0.1958467059  0.1958467059  0.1958467059  0.0290369907  0.0290369907  0.0290369907  0.0290369907  0.0290369907  0.0290369907  0.0078565053  0.0078565053  0.0078565053  0.0078565053  0.0078565053  0.0078565053  0.0078565053  0.0078565053  0.0078565053  0.0078565053  0.0078565053  0.0078565053  
0.2120982910  0.0561166039  0.0561166039  0.0561166039  0.0782866485  0.0782866485  0.0782866485  0.0782866485  0.0782866485  0.0782866485  0.0124860005  0.0124860005  0.0124860005  0.0124860005  0.0124860005  0.0124860005  0.0124860005  0.0124860005  0.0124860005  0.0124860005  0.0124860005  0.0124860005  
0.0004312944  0.0731215330  0.0731215330  0.0731215330  0.0529584206  0.0529584206  0.0529584206  0.0529584206  0.0529584206  0.0529584206  0.0385377986  0.0385377986  0.0385377986  0.0385377986  0.0385377986  0.0385377986  0.0385377986  0.0385377986  0.0385377986  0.0385377986  0.0385377986  0.0385377986  
0.0053503716  0.0175251527  0.0175251527  0.0175251527  0.1127446350  0.1127446350  0.1127446350  0.1127446350  0.1127446350  0.1127446350  0.0221338633  0.0221338633  0.0221338633  0.0221338633  0.0221338633  0.0221338633  0.0221338633  0.0221338633  0.0221338633  0.0221338633  0.0221338633  0.0221338633  
0.0493790167  0.0808208703  0.0808208703  0.0808208703  0.0448004669  0.0448004669  0.0448004669  0.0448004669  0.0448004669  0.0448004669  0.0366129642  0.0366129642  0.0366129642  0.0366129642  0.0366129642  0.0366129642  0.0366129642  0.0366129642  0.0366129642  0.0366129642  0.0366129642  0.0366129642  
0.1889736350  0.0891715467  0.0891715467  0.0891715467  0.0821407578  0.0821407578  0.0821407578  0.0821407578  0.0821407578  0.0821407578  0.0042222648  0.0042222648  0.0042222648  0.0042222648  0.0042222648  0.0042222648  0.0042222648  0.0042222648  0.0042222648  0.0042222648  0.0042222648  0.0042222648  
0.2646178359  0.1630334957  0.1630334957  0.1630334957  0.0089273304  0.0089273304  0.0089273304  0.0089273304  0.0089273304  0.0089273304  0.0160598079  0.0160598079  0.0160598079  0.0160598079  0.0160598079  0.0160598079  0.0160598079  0.0160598079  0.0160598079  0.0160598079  0.0160598079  0.0160598079  
0.4374639877  0.1058639801  0.1058639801  0.1058639801  0.0407256990  0.0407256990  0.0407256990  0.0407256990  0.0407256990  0.0407256990  0.0000491565  0.0000491565  0.0000491565  0.0000491565  0.0000491565  0.0000491565  0.0000491565  0.0000491565  0.0000491565  0.0000491565  0.0000491565  0.0000491565  
0.1509073644  0.2257355301  0.2257355301  0.2257355301  0.0278790756  0.0278790756  0.0278790756  0.0278790756  0.0278790756  0.0278790756  0.0003842993  0.0003842993  0.0003842993  0.0003842993  0.0003842993  0.0003842993  0.0003842993  0.0003842993  0.0003842993  0.0003842993  0.0003842993  0.0003842993  
0.4652640521  0.0587282310  0.0587282310  0.0587282310  0.0360923549  0.0360923549  0.0360923549  0.0360923549  0.0360923549  0.0360923549  0.0118330938  0.0118330938  0.0118330938  0.0118330938  0.0118330938  0.0118330938  0.0118330938  0.0118330938  0.0118330938  0.0118330938  0.0118330938  0.0118330938  
0.0780560205  0.1577540721  0.1577540721  0.1577540721  0.0400209663  0.0400209663  0.0400209663  0.0400209663  0.0400209663  0.0400209663  0.0173796638  0.0173796638  0.0173796638  0.0173796638  0.0173796638  0.0173796638  0.0173796638  0.0173796638  0.0173796638  0.0173796638  0.0173796638  0.0173796638  
0.0971477167  0.0469948762  0.0469948762  0.0469948762  0.0974450775  0.0974450775  0.0974450775  0.0974450775  0.0974450775  0.0974450775  0.0147664325  0.0147664325  0.0147664325  0.0147664325  0.0147664325  0.0147664325  0.0147664325  0.0147664325  0.0147664325  0.0147664325  0.0147664325  0.0147664325  
0.0205580286  0.0494281169  0.0494281169  0.0494281169  0.0496039649  0.0496039649  0.0496039649  0.0496039649  0.0496039649  0.0496039649  0.0444611526  0.0444611526  0.0444611526  0.0444611526  0.0444611526  0.0444611526  0.0444611526  0.0444611526  0.0444611526  0.0444611526  0.0444611526  0.0444611526  
0.0119478421  0.0332101949  0.0332101949  0.0332101949  0.1116450566  0.1116450566  0.1116450566  0.1116450566  0.1116450566  0.1116450566  0.0182126028  0.0182126028  0.0182126028  0.0182126028  0.0182126028  0.0182126028  0.0182126028  0.0182126028  0.0182126028  0.0182126028  0.0182126028  0.0182126028  
0.0979126626  0.1106097277  0.1106097277  0.1106097277  0.0367115259  0.0367115259  0.0367115259  0.0367115259  0.0367115259  0.0367115259  0.0291657499  0.0291657499  0.0291657499  0.0291657499  0.0291657499  0.0291657499  0.0291657499  0.0291657499  0.0291657499  0.0291657499  0.0291657499  0.0291657499  
0.3245237229  0.1015167612  0.1015167612  0.1015167612  0.0595490765  0.0595490765  0.0595490765  0.0595490765  0.0595490765  0.0595490765  0.0011359612  0.0011359612  0.0011359612  0.0011359612  0.0011359612  0.0011359612  0.0011359612  0.0011359612  0.0011359612  0.0011359612  0.0011359612  0.0011359612  
0.2839609994  0.2015515362  0.2015515362  0.2015515362  0.0057034698  0.0057034698  0.0057034698  0.0057034698  0.0057034698  0.0057034698  0.0064302978  0.0064302978  0.0064302978  0.0064302978  0.0064302978  0.0064302978  0.0064302978  0.0064302978  0.0064302978  0.0064302978  0.0064302978  0.0064302978  
0.4745751993  0.1029651824  0.1029651824  0.1029651824  0.0345404971  0.0345404971  0.0345404971  0.0345404971  0.0345404971  0.0345404971  0.0007738559  0.0007738559  0.0007738559  0.0007738559  0.0007738559  0.0007738559  0.0007738559  0.0007738559  0.0007738559  0.0007738559  0.0007738559  0.0007738559  
0.1066039261  0.2068632160  0.2068632160  0.2068632160  0.0352629820  0.0352629820  0.0352629820  0.0352629820  0.0352629820  0.0352629820  0.0051023778  0.0051023778  0.0051023778  0.0051023778  0.0051023778  0.0051023778  0.0051023778  0.0051023778  0.0051023778  0.0051023778  0.0051023778  0.0051023778  
0.3479773492  0.0366976802  0.0366976802  0.0366976802  0.0556401388  0.0556401388  0.0556401388  0.0556401388  0.0556401388  0.0556401388  0.0173407315  0.0173407315  0.0173407315  0.0173407315  0.0173407315  0.0173407315  0.0173407315  0.0173407315  0.0173407315  0.0173407315  0.0173407315  0.0173407315  
0.0270683830  0.1171626958  0.1171626958  0.1171626958  0.0485189059  0.0485189059  0.0485189059  0.0485189059  0.0485189059  0.0485189059  0.0275275079  0.0275275079  0.0275275079  0.0275275079  0.0275275079  0.0275275079  0.0275275079  0.0275275079  0.0275275079  0.0275275079  0.0275275079  0.0275275079  
0.0198159629  0.0462152906  0.0462152906  0.0462152906  0.1103337032  0.1103337032  0.1103337032  0.1103337032  0.1103337032  0.1103337032  0.0149613289  0.0149613289  0.0149613289  0.0149613289  0.0149613289  0.0149613289  0.0149613289  0.0149613289  0.0149613289  0.0149613289  0.0149613289  0.0149613289  
0.0676452344  0.0474161244  0.0474161244  0.0474161244  0.0417560973  0.0417560973  0.0417560973  0.0417560973  0.0417560973  0.0417560973  0.0449641507  0.0449641507  0.0449641507  0.0449641507  0.0449641507  0.0449641507  0.0449641507  0.0449641507  0.0449641507  0.0449641507  0.0449641507  0.0449641507  
0.0800714871  0.0547191673  0.0547191673  0.0547191673  0.1002911158  0.1002911158  0.1002911158  0.1002911158  0.1002911158  0.1002911158  0.0128353597  0.0128353597  0.0128353597  0.0128353597  0.0128353597  0.0128353597  0.0128353597  0.0128353597  0.0128353597  0.0128353597  0.0128353597  0.0128353597  
0.1440906247  0.1504907783  0.1504907783  0.1504907783  0.0290151989  0.0290151989  0.0290151989  0.0290151989  0.0290151989  0.0290151989  0.0191954872  0.0191954872  0.0191954872  0.0191954872  0.0191954872  0.0191954872  0.0191954872  0.0191954872  0.0191954872  0.0191954872  0.0191954872  0.0191954872  
0.4474218313  0.1060581103  0.1060581103  0.1060581103  0.0390660584  0.0390660584  0.0390660584  0.0390660584  0.0390660584  0.0390660584  0.0000006239  0.0000006239  0.0000006239  0.0000006239  0.0000006239  0.0000006239  0.0000006239  0.0000006239  0.0000006239  0.0000006239  0.0000006239  0.0000006239  
0.2702984229  0.2239408961  0.2239408961  0.2239408961  0.0079805659  0.0079805659  0.0079805659  0.0079805659  0.0079805659  0.0079805659  0.0008329578  0.0008329578  0.0008329578  0.0008329578  0.0008329578  0.0008329578  0.0008329578  0.0008329578  0.0008329578  0.0008329578  0.0008329578  0.0008329578  
0.4483415169  0.0917494353  0.0917494353  0.0917494353  0.0389127775  0.0389127775  0.0389127775  0.0389127775  0.0389127775  0.0389127775  0.0035777927  0.0035777927  0.0035777927  0.0035777927  0.0035777927  0.0035777927  0.0035777927  0.0035777927  0.0035777927  0.0035777927  0.0035777927  0.0035777927  
0.0574237285  0.1705881289  0.1705881289  0.1705881289  0.0434596816  0.0434596816  0.0434596816  0.0434596816  0.0434596816  0.0434596816  0.0141711496  0.0141711496  0.0141711496  0.0141711496  0.0141711496  0.0141711496  0.0141711496  0.0141711496  0.0141711496  0.0141711496  0.0141711496  0.0141711496  
0.2121803906  0.0196687672  0.0196687672  0.0196687672  0.0782729652  0.0782729652  0.0782729652  0.0782729652  0.0782729652  0.0782729652  0.0215979597  0.0215979597  0.0215979597  0.0215979597  0.0215979597  0.0215979597  0.0215979597  0.0215979597  0.0215979597  0.0215979597  0.0215979597  0.0215979597  
0.0017953078  0.0849194220  0.0849194220  0.0849194220  0.0527310851  0.0527310851  0.0527310851  0.0527310851  0.0527310851  0.0527310851  0.0355883263  0.0355883263  0.0355883263  0.0355883263  0.0355883263  0.0355883263  0.0355883263  0.0355883263  0.0355883263  0.0355883263  0.0355883263  0.0355883263  
0.0016809656  0.0539979045  0.0539979045  0.0539979045  0.1133562027  0.1133562027  0.1133562027  0.1133562027  0.1133562027  0.1133562027  0.0130156754  0.0130156754  0.0130156754  0.0130156754  0.0130156754  0.0130156754  0.0130156754  0.0130156754  0.0130156754  0.0130156754  0.0130156754  0.0130156754  
0.1319387039  0.0675915571  0.0675915571  0.0675915571  0.0310405190  0.0310405190  0.0310405190  0.0310405190  0.0310405190  0.0310405190  0.0399202925  0.0399202925  0.0399202925  0.0399202925  0.0399202925  0.0399202925  0.0399202925  0.0399202925  0.0399202925  0.0399202925  0.0399202925  0.0399202925  
0.1904928302  0.0770159894  0.0770159894  0.0770159894  0.0818875586  0.0818875586  0.0818875586  0.0818875586  0.0818875586  0.0818875586  0.0072611542  0.0072611542  0.0072611542  0.0072611542  0.0072611542  0.0072611542  0.0072611542  0.0072611542  0.0072611542  0.0072611542  0.0072611542  0.0072611542  
0.1746316246  0.1898207720  0.1898207720  0.1898207720  0.0239250323  0.0239250323  0.0239250323  0.0239250323  0.0239250323  0.0239250323  0.0093629888  0.0093629888  0.0093629888  0.0093629888  0.0093629888  0.0093629888  0.0093629888  0.0093629888  0.0093629888  0.0093629888  0.0093629888  0.0093629888  
0.5269059622  0.1008069772  0.1008069772  0.1008069772  0.0258187033  0.0258187033  0.0258187033  0.0258187033  0.0258187033  0.0258187033  0.0013134072  0.0013134072  0.0013134072  0.0013134072  0.0013134072  0.0013134072  0.0013134072  0.0013134072  0.0013134072  0.0013134072  0.0013134072  0.0013134072  
0.2268887319  0.2249895374  0.2249895374  0.2249895374  0.0152155144  0.0152155144  0.0152155144  0.0152155144  0.0152155144  0.0152155144  0.0005707975  0.0005707975  0.0005707975  0.0005707975  0.0005707975  0.0005707975  0.0005707975  0.0005707975  0.0005707975  0.0005707975  0.0005707975  0.0005707975  
0.3657148245  0.0758681351  0.0758681351  0.0758681351  0.0526838929  0.0526838929  0.0526838929  0.0526838929  0.0526838929  0.0526838929  0.0075481177  0.0075481177  0.0075481177  0.0075481177  0.0075481177  0.0075481177  0.0075481177  0.0075481177  0.0075481177  0.0075481177  0.0075481177  0.0075481177  
0.0178366794  0.1257455493  0.1257455493  0.1257455493  0.0500575231  0.0500575231  0.0500575231  0.0500575231  0.0500575231  0.0500575231  0.0253817945  0.0253817945  0.0253817945  0.0253817945  0.0253817945  0.0253817945  0.0253817945  0.0253817945  0.0253817945  0.0253817945  0.0253817945  0.0253817945  
0.0916769964  0.0116729305  0.0116729305  0.0116729305  0.0983568642  0.0983568642  0.0983568642  0.0983568642  0.0983568642  0.0983568642  0.0235969189  0.0235969189  0.0235969189  0.0235969189  0.0235969189  0.0235969189  0.0235969189  0.0235969189  0.0235969189  0.0235969189  0.0235969189  0.0235969189  
0.0062514202  0.0695926249  0.0695926249  0.0695926249  0.0519883997  0.0519883997  0.0519883997  0.0519883997  0.0519883997  0.0519883997  0.0394200256  0.0394200256  0.0394200256  0.0394200256  0.0394200256  0.0394200256  0.0394200256  0.0394200256  0.0394200256  0.0394200256  0.0394200256  0.0394200256  
0.0491517512  0.0681399409  0.0681399409  0.0681399409  0.1054444051  0.1054444051  0.1054444051  0.1054444051  0.1054444051  0.1054444051  0.0094801663  0.0094801663  0.0094801663  0.0094801663  0.0094801663  0.0094801663  0.0094801663  0.0094801663  0.0094801663  0.0094801663  0.0094801663  0.0094801663  
0.1989670391  0.1048839587  0.1048839587  0.1048839587  0.0198691298  0.0198691298  0.0198691298  0.0198691298  0.0198691298  0.0198691298  0.0305971922  0.0305971922  0.0305971922  0.0305971922  0.0305971922  0.0305971922  0.0305971922  0.0305971922  0.0305971922  0.0305971922  0.0305971922  0.0305971922  
0.3132630530  0.0950133805  0.0950133805  0.0950133805  0.0614258548  0.0614258548  0.0614258548  0.0614258548  0.0614258548  0.0614258548  0.0027618064  0.0027618064  0.0027618064  0.0027618064  0.0027618064  0.0027618064  0.0027618064  0.0027618064  0.0027618064  0.0027618064  0.0027618064  0.0027618064  
0.1808708256  0.2179936151  0.2179936151  0.2179936151  0.0228851654  0.0228851654  0.0228851654  0.0228851654  0.0228851654  0.0228851654  0.0023197780  0.0023197780  0.0023197780  0.0023197780  0.0023197780  0.0023197780  0.0023197780  0.0023197780  0.0023197780  0.0023197780  0.0023197780  0.0023197780  
0.5430124274  0.0862784465  0.0862784465  0.0862784465  0.0231342924  0.0231342924  0.0231342924  0.0231342924  0.0231342924  0.0231342924  0.0049455399  0.0049455399  0.0049455399  0.0049455399  0.0049455399  0.0049455399  0.0049455399  0.0049455399  0.0049455399  0.0049455399  0.0049455399  0.0049455399  
0.1640374482  0.2050067885  0.2050067885  0.2050067885  0.0256907283  0.0256907283  0.0256907283  0.0256907283  0.0256907283  0.0256907283  0.0055664847  0.0055664847  0.0055664847  0.0055664847  0.0055664847  0.0055664847  0.0055664847  0.0055664847  0.0055664847  0.0055664847  0.0055664847  0.0055664847  
0.2486292989  0.0600595538  0.0600595538  0.0600595538  0.0721981471  0.0721981471  0.0721981471  0.0721981471  0.0721981471  0.0721981471  0.0115002631  0.0115002631  0.0115002631  0.0115002631  0.0115002631  0.0115002631  0.0115002631  0.0115002631  0.0115002631  0.0115002631  0.0115002631  0.0115002631  
0.0002317412  0.0834617505  0.0834617505  0.0834617505  0.0529916795  0.0529916795  0.0529916795  0.0529916795  0.0529916795  0.0529916795  0.0359527442  0.0359527442  0.0359527442  0.0359527442  0.0359527442  0.0359527442  0.0359527442  0.0359527442  0.0359527442  0.0359527442  0.0359527442  0.0359527442  
